1079
956
369
521
865
2041
1680
1413
2175
101
820
1322
2671
1451
22
301
2645
348
2465
2689
1215
1918
1527
1207
336
2742
9
958
1622
577
1599
2803
246
15
1853
2319
469
635
2689
796
2251
2972
2006
414
483
1139
802
2283
242
2929
2201
1553
2663
698
1958
1236
2142
1935
921
348
871
737
2191
1275
1856
222
2747
1031
1723
1400
2832
1179
1651
1089
530
46
2380
878
2484
704
449
2660
313
1056
196
681
915
1994
2736
2274
1787
1113
1019
1817
1747
806
1354
1153
1531
291
1929
749
1603
1227
1644
240
235
568
511
1449
259
251
732
1707
2278
2996
1721
1585
2471
2872
506
2158
2430
929
922
2247
2341
46
335
138
223
395
409
799
2831
1573
951
143
2917
1617
741
2915
1229
2490
2483
562
578
487
1596
2755
875
1264
2359
951
1579
2182
2942
2311
1163
2301
523
2743
3000
1887
1441
635
2293
1090
1399
1209
668
1724
2252
1395
1955
894
648
2731
802
2512
2139
985
2807
928
343
2158
2503
2503
2688
1381
176
1810
1831
1516
1694
2342
2158
2792
2670
14
2019
48
2456
2899
134
2274
460
2484
887
188
1377
957
1711
880
1192
1910
2698
171
1482
1567
2048
2195
2525
1177
725
2729
2621
2828
2057
1340
1359
1003
1269
1332
259
2301
458
2989
233
1840
1847
948
830
1840
1876
2878
43
2839
2030
2222
1562
2672
776
2312
1433
727
2731
382
2859
1032
2235
2843
688
294
944
381
154
1251
2564
723
857
78
1610
1562
1053
2726
2839
2754
389
151
1959
1423
2265
37
82
2311
2279
1187
2056
1019
2029
783
1862
491
1229
2215
33
126
187
968
2829
1798
1113
2152
2803
2087
2068
1853
501
1794
1053
2514
844
23
1169
2019
2765
470
2387
1235
1305
753
2541
1168
995
1063
1978
1359
2970
1619
1085
2591
2365
725
1594
1399
1977
2706
935
1993
2500
212
2521
1920
1323
2279
218
681
2586
300
1342
2024
2548
225
1565
1520
438
2238
225
135
350
1553
2747
2921
2659
853
2669
2421
1839
444
1038
2599
2611
2638
1482
593
581
4
773
399
22
2972
2741
2159
2999
1945
1651
2236
533
2781
1110
159
1821
2692
1459
2755
1970
2376
20
1735
2459
2308
981
2570
1688
2622
2224
2146
88
455
2862
240
1073
1128
44
175
706
2142
368
115
1235
2978
1290
1818
139
426
72
869
2086
1223
770
582
1023
54
215
661
2839
2335
695
2242
117
117
1475
1837
2735
648
813
541
1501
314
2647
1407
763
703
2221
823
2216
2536
894
2183
820
846
2940
2860
45
1265
509
1568
2481
2976
1489
2295
1726
2774
644
1923
2480
210
1333
2617
2766
2219
1729
79
1537
147
206
2099
2284
2481
600
108
1418
1891
1142
918
301
2456
339
236
478
1620
1842
71
2002
1120
1448
135
404
2506
2274
2495
713
490
472
986
1983
2233
1646
127
689
2673
2461
2724
1337
1584
1498
659
800
141
2932
979
2962
245
969
1569
1702
1253
561
2935
1198
1612
2273
1103
1836
951
1970
1364
2331
2046
2349
2228
2048
979
51
2071
411
1534
136
2728
2541
1116
463
161
1710
16
590
2735
2106
1349
2973
450
2961
781
68
1176
1913
2198
103
287
1042
2547
2453
1868
1137
1617
1213
1930
391
545
2850
248
787
1687
333
2278
2863
2635
1315
1469
141
1040
67
1380
1900
2500
2453
604
960
1802
1006
2808
2242
354
2700
39
2864
1104
1977
2833
742
1313
934
2359
1758
3000
2354
1021
1835
1178
2405
2405
2010
1688
0
51
2585
1434
533
2548
2863
1515
1401
872
2645
2280
686
127
2082
2481
1792
1076
1541
548
536
2457
137
2381
2478
1147
1747
2015
2863
84
2100
1529
1541
477
311
129
2816
2683
2054
1313
1375
818
1849
2281
747
2673
2780
1949
1544
930
2081
2505
1292
2258
2891
2957
2510
1623
819
17
71
983
2801
959
805
631
2202
2349
238
446
768
557
504
2928
775
1173
2996
2915
2594
2358
2461
1656
1472
414
1128
322
120
864
1882
1050
1393
738
2999
2569
2432
207
49
543
1006
394
1268
2777
104
2655
350
29
1409
1940
704
592
2921
1235
2106
901
769
379
1534
1449
1296
1326
1593
718
1333
1367
65
616
2542
1512
2758
1500
690
1499
1068
2253
1364
881
1073
2825
2979
2083
81
1399
768
1072
2558
1843
2150
2411
1224
1313
1231
685
439
2932
179
2398
1585
2455
1324
862
2142
1528
2324
13
244
2792
1323
1415
1419
68
2616
404
1089
163
1441
2625
2078
2833
803
801
1744
1844
1548
2588
238
2387
377
673
160
162
1813
468
942
693
632
2246
1974
1046
1306
2131
237
884
754
2416
2943
2284
262
354
2148
2429
515
2359
2705
1854
2301
473
1229
2815
1202
1844
2292
2107
726
2514
463
566
138
1695
112
349
2076
1878
128
1710
1471
292
849
1996
1717
2702
1532
2284
2370
2553
313
1811
379
1637
812
2145
2409
801
2831
266
382
1747
81
1850
2973
760
34
2250
2643
2418
2217
1138
2745
2286
2647
1193
2861
859
924
2310
2148
2995
1118
632
1492
2768
1879
2413
2871
2507
1349
2946
1088
2417
578
773
746
2423
2411
2176
2891
608
2707
266
187
672
329
1489
1095
1904
1875
1631
1089
75
2165
1334
2213
356
2072
1063
2767
930
534
96
2660
1929
1888
1986
29
2001
1524
2577
590
2885
133
651
1165
1867
1543
2247
99
1957
1823
2050
2397
1161
1198
39
612
1281
2695
2938
1992
497
789
2160
1762
2021
2557
2881
1600
2875
1759
1610
883
1057
1769
650
860
1793
2367
968
1467
413
701
1957
1521
1359
622
2736
1836
2268
661
1843
882
1104
1381
561
510
429
135
758
63
342
2588
174
29
223
2419
1553
1193
1517
1718
181
1919
74
657
1745
2071
2141
1451
1564
733
2701
2050
442
2280
2372
1874
1733
2766
182
2646
1598
235
2506
2770
1793
1389
763
2081
2209
1571
2731
2753
2206
1809
533
2327
371
89
1829
2485
567
2674
957
1388
84
2854
1089
562
1668
510
453
1096
1563
2558
402
583
1015
2847
1212
2887
1150
2137
274
1701
900
1028
2518
948
1495
2254
1819
1298
82
1823
801
1257
2837
1645
2618
1664
121
337
975
9
2569
1028
1821
1985
1379
415
2336
236
280
1618
204
2890
818
2851
369
2496
1045
2908
1787
815
593
782
2524
98
2336
1391
248
2575
2116
2787
1959
353
1829
1518
2706
1491
1417
159
1204
2121
1223
2908
1900
541
859
2701
2427
1526
2011
2077
1100
924
1406
395
2395
217
83
436
2743
472
487
2374
2753
603
2054
1087
1959
1882
1398
2533
574
1158
1124
1241
2543
1053
2697
2520
1944
2350
2557
675
511
2919
604
1977
2264
1283
2265
1594
19
2098
455
473
760
1558
736
1786
1830
2569
2294
1041
1755
2517
2110
2166
2341
598
462
166
102
1206
2347
2625
2108
2329
2539
1763
650
1146
2299
1884
2783
1171
172
68
228
2646
2215
992
345
1894
2359
956
243
328
90
1643
2123
1953
321
529
2318
2761
2668
1412
1610
2342
299
1851
1921
1920
1801
1873
2114
1887
2533
2237
463
2858
1943
2481
2511
2508
2527
839
845
2572
1680
878
1682
770
1366
442
2579
2724
1651
1792
1333
1151
1191
121
428
1135
1042
2248
365
2792
2898
562
2565
410
1999
655
1660
2094
950
1692
2395
2856
1757
1275
1422
2084
1101
2200
2496
1266
2872
2273
2440
1823
2312
2998
572
871
284
576
844
1862
1025
1108
2653
1098
219
1054
1115
2173
592
1159
1772
1025
1680
1490
880
76
2846
1574
1974
2141
522
48
2154
688
1016
2721
1213
197
2208
2468
1019
974
565
2549
2013
2960
2809
256
519
2598
2952
532
0
2615
2071
358
546
1318
2011
2666
407
1664
2141
481
79
372
1890
2880
2788
2056
507
115
1179
2972
632
2746
568
1986
2976
2052
772
1960
1618
2097
1342
57
2915
341
2506
2089
1478
2496
1451
632
2850
322
2785
985
206
506
124
1513
1342
2108
550
369
192
1661
560
1672
2120
2905
117
2922
2193
2174
1419
691
2569
2195
2194
2287
550
1728
1132
1866
2447
1060
1839
2905
1945
1077
2375
2754
2016
450
392
2011
2632
1239
1495
202
1975
2905
2643
1043
1093
76
618
2632
35
2983
506
255
128
1538
8
2456
2424
791
762
1471
1584
1904
1940
1558
745
2974
2148
1938
1563
2163
1245
358
2947
1549
296
596
432
1361
3000
2441
1261
312
326
2651
2643
321
2555
2342
1532
2794
2374
2467
1938
2252
2799
574
1244
2240
1796
1048
159
2515
587
768
2010
2779
1372
286
1014
2050
256
2552
1165
1327
2039
592
2604
1961
880
176
1636
2625
2337
197
2346
1261
2255
2436
1639
322
2737
2730
1488
2664
661
1405
665
2897
918
1551
1236
1914
460
2664
230
1038
934
31
2628
108
742
2175
466
2866
995
1073
2610
360
664
1788
2369
2359
1592
1628
1680
1999
2815
134
2589
451
93
2994
391
2604
222
1654
2647
1231
1082
920
1020
1379
2240
782
1891
1977
224
2736
2120
187
2179
1924
180
159
284
219
313
1365
1887
1041
682
1002
966
1343
2763
2726
2520
1813
1190
1552
1792
966
2894
30
1802
2311
2327
1800
1987
1730
70
2533
400
1563
942
132
2695
517
238
342
2174
572
230
2198
857
1314
1595
2127
1048
131
2414
1677
1421
409
14
1791
1274
1118
496
1701
2494
1034
746
2732
585
2890
2837
655
888
1525
1318
1100
1253
1509
2879
2334
1123
2164
1791
2938
2309
1317
2235
1436
1308
1575
2073
50
2820
809
1843
241
2887
1298
673
1373
474
146
1547
2655
2207
56
15
1641
2661
880
2707
2277
1894
2678
2898
2534
1687
1633
942
1260
1285
2023
2440
2620
333
1914
234
2371
1412
2352
1125
1340
1131
1308
1306
1403
409
124
22
375
2777
2182
483
510
1722
683
707
21
969
2578
2484
1989
82
1011
650
2378
94
2007
2869
2923
535
607
1611
868
1287
2074
2221
46
1615
465
1728
2433
38
281
14
1322
1719
1108
1553
2760
2624
505
1646
2174
1952
2029
2426
1660
1738
2006
1925
673
1889
429
1258
1767
2297
2473
2636
817
117
339
441
2377
1661
2121
1492
1988
124
1969
1040
1755
156
1504
510
394
1015
925
2126
480
879
2682
355
1245
629
2169
2344
597
2415
320
2489
2099
2121
1635
2803
1999
1143
2094
1648
1566
1607
1977
2483
568
1706
36
2747
1957
944
298
985
555
71
2576
2081
2750
642
1160
14
1537
2031
1337
695
1416
2704
491
2888
2400
2878
1691
1501
2287
50
2478
1707
1446
1545
302
2246
2184
719
2944
1594
336
640
1305
733
1331
1795
1324
2930
1616
2119
478
1648
2151
2753
107
2979
1860
2902
243
2719
2193
780
121
1507
843
1574
489
577
563
2307
1912
2344
2306
2847
1285
2684
622
2560
1797
1965
2765
1461
575
915
70
2960
713
903
1349
692
1324
282
306
748
1059
2697
939
2250
1920
1502
1547
479
2929
54
2120
882
1238
1500
2811
2049
101
193
2752
2093
2179
2651
2699
1958
2079
692
2761
90
149
1900
2774
2679
2738
822
2307
107
673
2719
1735
721
2654
1396
2010
2946
2600
1688
445
1890
643
1525
2174
2041
896
2611
439
1347
1190
34
1380
2989
399
2234
2520
2359
2866
1112
2695
1651
2338
667
2713
51
717
2783
1784
2389
1004
223
492
2738
1274
787
1631
704
938
1473
720
1272
2288
1236
2841
2557
381
994
298
1061
2114
1321
76
66
1593
1034
1272
161
1121
945
163
1131
1954
2711
2724
634
356
589
2422
525
2080
164
2421
1118
2474
2852
1663
113
1563
389
1724
995
263
2880
761
430
1513
137
2993
1295
2417
733
1769
1950
2169
1746
1353
72
1134
685
2542
2772
733
2209
1900
2416
986
1408
348
177
1272
551
989
2595
914
2100
1411
1388
2285
2018
2614
1624
2666
135
2496
2582
753
1561
832
593
1487
1588
2910
143
430
1085
2144
2739
452
632
1518
1992
2820
788
743
1251
1005
880
2063
436
702
2344
2599
1003
2700
1997
2260
1576
2171
1158
2302
2398
1635
274
2897
1778
2878
1058
37
1695
39
935
2316
999
1849
1462
2069
873
1057
1511
827
2975
1436
1680
2899
2819
2464
1010
528
490
1034
82
2263
2783
2696
141
2196
1081
2786
2216
2515
916
173
1707
2450
1070
1054
2159
2382
2373
765
1573
2289
264
785
28
2430
1682
2713
53
1050
548
1759
1150
2137
1349
2196
1403
1004
673
1559
1677
2309
2012
1453
1504
1071
2989
237
1729
662
1739
491
2234
1233
20
17
2745
346
2219
1201
1799
969
1275
90
1767
1817
2750
1792
1328
1598
2384
1824
2769
1644
118
1722
2762
1487
2451
1681
611
210
445
454
1981
201
2454
2321
2070
2855
230
55
2323
2003
1195
1971
15
43
2085
2757
2979
1158
1241
693
1200
1701
1530
914
1512
1701
1202
1619
2027
537
567
1231
765
1125
1592
162
40
2639
426
2346
1095
2483
2619
2160
1157
1356
664
1331
255
2759
2938
45
559
1895
1627
538
1214
721
2809
376
289
2498
2705
2138
1749
440
2102
788
2081
2823
1814
421
443
1759
2262
540
1853
2880
709
1668
1984
1019
1692
2316
1450
1122
475
1227
1359
1828
915
728
269
972
613
2510
698
2401
1223
2776
1313
2266
433
1803
1638
1167
415
251
726
1439
1838
1982
1056
1448
2584
345
189
2459
2023
922
656
195
321
46
1922
1728
1757
2794
2810
747
669
1729
88
1208
1746
1134
677
2003
1600
1848
601
2581
303
776
453
1207
939
2872
1035
1994
837
1714
2698
990
1416
1719
1493
590
2039
2372
2297
644
2170
1204
528
2831
1836
101
2408
1121
778
1873
1423
1386
614
90
1784
1633
1950
956
17
2487
1159
1258
2323
2949
2969
62
1559
2856
1102
373
353
1026
156
1072
1047
2005
2802
2526
1337
2432
1275
1588
2507
300
2551
1114
230
2831
2639
227
1364
2498
2137
2735
1111
1500
1102
2869
156
254
1461
979
1750
87
267
990
8
299
2951
1133
2140
1127
79
2464
410
1069
32
1958
1322
720
649
2709
425
642
1789
901
1274
2175
1140
1317
1092
2796
19
2831
1819
1428
1645
2312
2715
57
2487
381
1215
46
2750
2286
2661
2964
559
124
2974
2339
1020
2933
1121
730
1389
996
1155
1683
594
117
2114
1693
2065
2288
598
809
2220
577
1644
1449
1645
1491
685
184
1984
1333
578
2655
2862
2614
1310
533
382
2293
942
258
509
140
1063
2402
2134
837
2142
409
2067
31
2597
382
91
623
2907
989
1611
1294
2871
2864
2733
1225
840
2314
2524
2440
935
617
1958
1495
955
273
613
2112
2066
1586
2633
2927
2950
2547
2835
149
2073
1776
1130
2855
712
1157
2835
765
2438
876
1456
421
1133
2420
1887
2831
1849
239
398
2252
2420
2628
1244
109
831
220
2681
2407
2373
2383
2353
2517
1049
2821
1489
129
701
666
2943
2312
1026
1407
95
50
1081
2797
1690
1847
885
1100
241
2610
2108
379
2646
1165
2832
1775
2221
841
1914
2138
2927
1249
1732
1724
172
2300
467
1641
2290
2265
2603
1398
2776
1790
2439
2643
1210
1037
2625
1763
331
1513
2124
2537
2213
2844
9
1841
2359
1380
2345
2768
1588
1858
421
1008
627
47
417
2572
2046
376
57
1393
1162
1437
258
1042
2927
445
1042
2897
2149
1059
2186
2338
1086
2949
2987
1545
367
2380
1347
2255
1931
1066
298
527
1801
1030
1990
945
1627
2221
773
1658
1502
2414
2691
2450
615
2309
648
2622
2458
349
769
1416
1742
2983
319
2673
375
336
2097
2185
681
2093
1534
1916
1519
1097
917
1060
137
1538
366
247
596
2894
2740
2018
1608
2345
2014
2694
1920
437
2352
799
911
1558
1596
2744
499
1686
414
1888
980
1779
1796
160
1682
1152
2450
1161
1912
2603
171
164
1525
935
2139
613
1610
310
1180
2141
2440
702
871
1725
1908
2206
1568
915
2719
684
857
2450
2708
2230
1964
1961
1956
2333
1610
762
842
653
2544
2767
365
2346
55
717
2152
1682
1471
1036
2302
2784
1767
119
1099
721
1846
309
1121
1974
1674
2343
1159
134
357
686
934
2009
1992
705
387
1996
136
2504
122
316
206
1317
2826
138
720
1256
501
295
2752
244
2262
1560
2855
1047
2970
1644
586
2400
354
771
1704
1408
966
2690
1723
1870
2841
747
1243
1427
780
1911
642
158
1402
2697
1298
2373
994
282
2231
654
850
2478
2528
827
2011
627
838
826
1874
1744
2801
2543
1568
1096
2436
858
2337
2678
1450
2965
2974
555
1919
1155
1373
1587
1739
2993
1256
2925
2804
556
1791
978
2860
1564
660
1644
1546
722
2151
2834
1198
2317
1280
1086
2340
1448
592
2508
17
1306
1544
682
2191
1814
1434
1485
405
2892
1402
1158
1825
2130
836
2361
242
